773
817
1556
2227
2489
2584
2585
2586
2587
2588
2589
2590
2591
2592
2593
2594
2595
2596
2597
2598
2599
2600
2601
2602
2603
2604
2605
2606
2607
2608
2609
2610
2611
2612
2613
2614
2615
2616
2617
2618
2619
2620
2621
2622
2624
2625
2626
2627
2628
2629
2630
2631
2632
2633
2634
2635
2636
2637
2638
2639
2640
2641
2642
2643
2644
2645
2646
2647
2648
2650
2651
2652
2653
2654
2655
2656
2657
2658
2659
2660
2661
2662
2663
2664
2665
2666
2667
2668
2669
2670
2671
2672
2673
2674
2675
2676
2677
2678
2679
2680
2681
2682
2683
2684
2685
2686
2687
2688
2689
2690
2691
2692
2693
2694
2695
2696
2697
2698
2699
2700
2701
2702
2703
2705
2706
2707
2708
2709
2710
2711
2712
2714
2715
2716
2717
2718
2719
2720
2721
2722
2723
2724
2725
2726
2728
2729
2730
2731
2732
2733
2734
2735
2736
2738
2740
2741
2742
2743
2744
2745
2746
2747
2748
2750
2751
2752
2753
2754
2755
2756
2757
2758
2759
2760
2761
2762
2763
2764
2765
2766
2767
2768
2769
2770
2771
2772
2773
2774
2775
2776
2777
2778
2779
2780
2781
2782
2783
2784
2785
2787
2788
2789
2790
2791
2792
2793
2794
2795
2796
2797
2798
2799
2800
2801
2802
2803
2804
2805
2806
2807
2808
2809
2810
2811
2812
2813
2814
2816
2817
2818
2819
2820
2821
2822
2823
2824
2825
2826
2827
2828
2829
2830
2831
2832
2833
2835
2836
2837
2839
2840
2841
2842
2843
2844
2845
2846
2847
2848
2849
2850
2851
2852
2854
2855
2856
2857
2858
2859
2860
2861
2862
2863
2864
2865
2866
2867
2868
2869
2870
2871
2872
2873
2874
2875
2876
2877
2878
2880
2881
2882
2883
2884
2885
2886
2887
2888
2889
2890
2891
2892
2893
2894
2895
2896
2897
2898
2899
2900
2901
2902
2903
2904
2905
2906
2907
2909
2910
2911
2912
2913
2914
2915
2916
2917
2918
2919
2920
2921
2922
2923
2924
2925
2926
2927
2928
2930
2931
2932
2933
2934
2935
2936
2937
2938
2939
2940
2941
2942
2943
2944
2945
2946
2947
2948
2949
2950
2951
2952
2953
2954
2955
2956
2957
2958
2959
2960
2961
2962
2963
2964
2965
2967
2968
2969
2970
2971
2972
2973
2974
2975
2976
2977
2978
2980
2981
2982
2983
2984
2985
2986
2987
2988
2989
2990
2991
2992
2993
2994
2995
2996
2997
2998
2999
3000
3001
3002
3003
3004
3005
3006
3007
3008
3009
3010
3011
3012
3013
3014
3015
3016
3017
3018
3019
3020
3021
3022
3023
3024
3025
3026
3027
3028
3029
3030
3031
3032
3033
3034
3035
3036
3037
3038
3039
3040
3041
3042
3043
3044
3045
3047
3048
3049
3050
3051
3052
3053
3054
3055
3056
3057
3060
3061
3062
3063
3064
3065
3066
3067
3069
3071
3072
3073
3074
3075
3076
3077
3078
3079
3080
3081
3082
3083
3084
3085
3086
3087
3088
3089
3090
3091
3092
3093
3095
3096
3097
3098
3099
3100
3101
3102
3103
3104
3105
3106
3107
3108
3109
3110
3111
3112
3113
3114
3115
3116
3117
3118
3119
3120
3121
3122
3123
3124
3125
3126
3127
3128
3129
3130
3131
3132
3133
3134
3135
3136
3137
3138
3139
3140
3141
3142
3143
3144
3145
3146
3147
3148
3149
3150
3151
3152
3153
3154
3155
3156
3157
3158
3159
3160
3161
3162
3163
3164
3165
3166
3167
3168
3169
3170
3171
3172
3173
3174
3175
3176
3177
3178
3179
3180
3181
3183
3184
3185
3186
3187
3188
3190
3191
3192
3193
3194
3195
3196
3197
3198
3199
3200
3201
3202
3203
3204
3205
3206
3207
3208
3209
3210
3211
3212
3213
3214
3215
3216
3217
3218
3219
3220
3221
3222
3223
3224
3225
3226
3227
3228
3229
3231
3232
3233
3234
3235
3236
3237
3238
3239
3240
3241
3242
3243
3244
3245
3246
3247
3248
3249
3250
3251
3252
3253
3254
3255
3259
3260
3261
3262
3263
3264
3265
3266
3267
3268
3269
3270
3271
3272
3273
3274
3277
3278
3279
3280
3281
3282
3283
3284
3285
3286
3287
3288
3289
3290
3291
3292
3293
3294
3295
3296
3297
3298
3301
3302
3303
3304
3305
3306
3307
3308
3309
3310
3311
3312
3313
3314
3315
3316
3317
3318
3319
3320
3321
3322
3323
3324
3325
3326
3327
3328
3329
3330
3331
3332
3333
3334
3335
3336
3337
3338
3340
3341
3342
3343
3344
3345
3346
3347
3348
3349
3350
3351
3352
3353
3354
3355
3356
3357
3373
3374
3375
3376
3377
3380
3381
3384
3385
3387
3393
3394
3421
3479
3507
3511
3530
3557
3628
3679
3748
3841
3857
3877
3900
3902
4002
4007
4054
4059
4060
4106
4117
4146
4160
4198
4201
4202
4203
4204
4205
4206
4207
4208
4242
4244
4245
4247
4248
4249
4251
4252
4253
4254
4255
4256
4257
4258
4259
4260
4261
4262
4263
4264
4265
4266
4267
4268
4269
4270
4271
4272
4273
4274
4275
4276
4278
4279
4280
4282
4284
4285
4286
4287
4288
4289
4290
4291
4292
4293
4295
4296
4297
4298
4300
4301
4302
4303
4304
4305
4306
4307
4308
4309
4310
4311
4313
4349
4352
4355
4356
4357
4358
4380
4381
4382
4383
4384
4386
4388
4389
4391
4392
4393
4394
4396
4397
4399
4400
4401
4402
4403
4404
4405
4406
4407
4409
4413
4414
4415
4416
4419
4420
4433
4434
4435
4436
4437
4438
4439
4440
4441
4442
4443
4445
4446
4448
4449
4450
4452
4453
4454
4455
4456
4462
4464
4469
4470
4471
4472
4473
4474
4476
4477
4481
4482
4483
4484
4485
4487
4488
4489
4490
4491
4494
4495
4498
4499
4500
4501
4508
4509
4511
4512
4513
4514
4516
4517
4518
4519
4522
4523
4526
4527
4529
4532
4533
4534
4535
4537
4539
4542
4553
4555
4556
4558
4563
4565
4566
4567
4568
4569
4570
4573
4574
4575
4577
4578
4580
4582
4583
4584
4585
4586
4587
4590
4595
4596
4597
4598
4599
4600
4601
4602
4603
4604
4605
4606
4607
4608
4609
4610
4611
4612
4613
4614
4615
4617
4618
4619
4620
4621
4622
4623
4624
4625
4626
4627
4629
4635
4636
4637
4638
4639
4640
4641
4642
4643
4645
4647
4648
4649
4650
4651
4652
4653
4654
4656
4657
4658
4659
4660
4661
4662
4663
4664
4665
4666
4667
4668
4669
4670
4671
4672
4674
4675
4676
4677
4678
4679
4680
4681
4682
4683
4684
4685
4686
4687
4688
4689
4690
4691
4693
4694
4695
4698
4701
4703
4704
4705
4706
4707
4708
4709
4711
4712
4713
4714
4715
4716
4717
4718
4719
4721
4722
4723
4761
4763
4764
4765
4766
4767
4768
4779
4780
4781
4782
4783
4784
4785
4786
4787
4843
4846
4847
4848
4849
4850
4851
4852
4853
4854
4855
4856
4857
4858
4859
4866
4867
4868
4869
4870
4871
4872
4873
4874
4875
4894
4895
4896
4897
4898
4899
4900
4918
4921
4922
4923
4924
4925
4930
4931
4933
4936
4937
4938
4939
4940
4941
4942
4943
4944
4945
4946
4947
4948
4949
4950
4951
4952
4953
4954
4955
4957
4959
4963
4964
4965
4966
4967
4968
4969
4971
4972
4973
4974
4975
4976
4977
4978
4979
4980
4981
4982
4983
4984
4985
4987
4988
4989
4990
4991
4992
4993
4994
4995
4996
4997
4998
4999
5000
5001
5002
5003
5004
5005
5006
5007
5009
5010
5015
5016
5017
5018
5020
5022
5023
5024
5025
5026
5027
5028
5029
5030
5031
5032
5033
5034
5035
5037
5038
5039
5040
5041
5042
5043
5044
5045
5046
5047
5048
5049
5050
5051
5052
5053
5054
5055
5056
5057
5058
5059
5060
5061
5062
5063
5064
5065
5066
5067
5068
5069
5070
5071
5072
5073
5074
5075
5076
5077
5078
5079
5080
5081
8012
8013
8014
8015
8016
8017
8018
8019
8020
8022
8023
8024
8025
8026
8027
8028
8029
8031
8032
8034
8406
8449
8452
8467
8503
8504
8505
8507
8508
8509
8510
8511
8808
8809
8810
8814
8818
8819
8820
8822
8828
8829
8834
8838
8839
8840
8844
8845
8846
8847
8850
8851
8852
8856
8857
8865
8869
8879
8881
8883
8894
8895
8896
8897
8898
8900
8901
8902
8903
8904
8906
8907
8909
8910
8911
8912
8913
8914
8915
8918
8919
8920
8921
8922
8923
8924
8925
8926
8927
8930
8932
8933
8934
8937
8938
8945
8951
8954
8955
8957
8958
8960
8961
8963
8965
8966
8967
8970
8971
8972
8973
8974
8976
8977
8978
8979
8982
8995
8998
9002
9005
9010
9013
9014
9015
9017
9020
9021
9022
9023
9026
9028
9029
9051
9052
